9a:

1000 0,002133747
2000 0,005000454
3000 0,010837272
4000 0,018639271
5000 0,028788499
6000 0,041218487
7000 0,065705028
8000 0,096247305
9000 0,120482850
10000 0,113299050
11000 0,163767632
12000 0,162862684
13000 0,192101304
14000 0,391940481
15000 0,257238168
16000 0,400916504
17000 0,395175784
18000 0,604096984
19000 0,640726987
20000 0,755796060

9b:

1000 0,001055555
2000 0,004121146
3000 0,008405344
4000 0,014152880
5000 0,021574689
6000 0,030639035
7000 0,040913262
8000 0,052994123
9000 0,066604325
10000 0,081831008
11000 0,098843195
12000 0,119489865
13000 0,137176935
14000 0,158833228
15000 0,181516195
16000 0,207015067
17000 0,238911402
18000 0,268035300
19000 0,294332051
20000 0,326285029

10:

1000 0,004356427
2000 0,004739787
3000 0,009705407
4000 0,015336079
5000 0,023207181
6000 0,032368472
7000 0,043746474
8000 0,055894825
9000 0,070344005
10000 0,084833711
11000 0,102563508
12000 0,120607610
13000 0,143446726
14000 0,162813627
15000 0,186672400
16000 0,211327640
17000 0,244978444
18000 0,274662285
19000 0,301120795
20000 0,335253636
