1 1000 0,001627427 20000 0,678740001
2 1000 0,001897096 20000 1,329566194
3 1000 0,001635179 20000 0,879501157
4 1000 0,001545909 20000 0,919202360
5 1000 0,001533888 20000 0,900632459
6 1000 0,001529166 20000 1,139746690
7 1000 0,001599302 20000 1,118935099
8 1000 0,001801536 20000 0,936816941
9 1000 0,001906076 20000 1,231334436
10 1000 0,001970500 20000 1,211309341
11 1000 0,002102481 20000 1,228696812
12 1000 0,002321923 20000 1,324149709


1 20000 0,678740001
2 20000 1,329566194
3 20000 0,879501157
4 20000 0,919202360
5 20000 0,900632459
6 20000 1,139746690
7 20000 1,118935099
8 20000 0,936816941
9 20000 1,231334436
10 20000 1,211309341
11 20000 1,228696812
12 20000 1,324149709
